ParName   Value   Gradient
MGparm[1]     0.208622 -1.09465e-006
SR_parm[1]      14.2858 -2.53621e-006
SR_parm[2]     0.854313 -2.77126e-008
recdev_early(1946)    -0.570376 2.84883e-007
recdev_early(1947)    -0.192979 2.09466e-008
recdev_early(1948)    -0.229273 9.36205e-008
recdev_early(1949)    -0.270933 3.90238e-008
recdev_early(1950)    -0.318332 2.11311e-008
recdev_early(1951)    -0.371771 5.94784e-008
recdev_early(1952)    -0.430449 1.49863e-007
recdev_early(1953)    -0.497257 8.87931e-008
recdev_early(1954)    -0.567938 8.25842e-007
recdev_early(1955)    -0.639977 2.21949e-007
recdev_early(1956)    -0.715486  5.5955e-007
recdev_early(1957)    -0.787922 -2.18103e-007
recdev_early(1958)    -0.856029 -1.48113e-007
recdev_early(1959)     -0.91187 1.98714e-007
recdev_early(1960)    -0.935101 5.43517e-007
recdev_early(1961)      -0.8964 2.81706e-007
recdev_early(1962)    -0.768141  8.2754e-007
recdev_early(1963)    -0.589246 4.29045e-007
recdev_early(1964)     -0.33022 1.31003e-006
recdev_early(1965)    0.0460519  1.7306e-006
recdev_early(1966)    0.0744396 1.73412e-006
recdev_early(1967)      1.00632 3.14029e-006
recdev_early(1968)     0.761387 2.17731e-006
recdev_early(1969)    -0.273116 1.96513e-007
recdev2(1970)      2.01921 2.43767e-006
recdev2(1971)  -0.00521255 4.41467e-007
recdev2(1972)    -0.544094 -5.90561e-007
recdev2(1973)      1.73535 -3.01729e-006
recdev2(1974)    -0.866866 -8.18955e-007
recdev2(1975)     0.563223 -1.75331e-006
recdev2(1976)     -1.42164 -3.53912e-007
recdev2(1977)      1.89364 -1.35044e-006
recdev2(1978)     -1.85456 -4.41478e-007
recdev2(1979)     0.341545 -7.86986e-008
recdev2(1980)      2.94419 2.64702e-006
recdev2(1981)     -1.24454 -2.65724e-007
recdev2(1982)     -1.19054 -5.04409e-007
recdev2(1983)    -0.590376 3.93586e-007
recdev2(1984)      2.72363 1.05396e-006
recdev2(1985)     -1.89956 -2.33853e-007
recdev2(1986)     -1.54443 -2.38616e-007
recdev2(1987)      1.97625 -1.01082e-006
recdev2(1988)     0.914755 -1.10544e-008
recdev2(1989)     -1.76349 -5.3082e-008
recdev2(1990)      1.59195 -1.75437e-006
recdev2(1991)     0.423262 -9.11958e-007
recdev2(1992)     -1.70319 -2.13977e-007
recdev2(1993)      1.34697 -2.83572e-006
recdev2(1994)      1.39987 -3.27434e-006
recdev2(1995)     0.474664 -1.86964e-006
recdev2(1996)     0.831347 -1.96693e-006
recdev2(1997)     0.237044 -1.36514e-006
recdev2(1998)     0.880527 -2.86746e-006
recdev2(1999)      2.78823 -1.62473e-005
recdev2(2000)    -0.735703 -1.06468e-006
recdev2(2001)     0.394887 -2.12109e-006
recdev2(2002)     -3.17955 -5.90739e-008
recdev2(2003)     0.707703 1.93512e-006
recdev2(2004)     -2.16234 6.10344e-007
recdev2(2005)      1.18588 5.20094e-006
recdev2(2006)      0.92124 3.62737e-006
recdev2(2007)     -3.37466 2.92818e-007
recdev2(2008)      1.90336 6.90271e-006
recdev2(2009)     0.580866 1.44617e-006
recdev2(2010)       2.9113 1.10843e-005
recdev2(2011)    -0.553747 9.27163e-007
recdev2(2012)     0.454008 9.42639e-007
recdev2(2013)     -0.84475 1.74904e-007
recdev2(2014)      2.33119 -5.92284e-006
recdev2(2015)     -2.37661 -1.70319e-007
recdev2(2016)      1.62006  -4.883e-006
recdev2(2017)     0.894015 -2.97425e-006
recdev2(2018)     -0.89445 -1.54711e-007
Fcast_recruitments(2019)            0            0
Fcast_recruitments(2020)            0            0
Fcast_recruitments(2021)            0            0
Fcast_recruitments(2022)            0            0
Q_parm[2]     0.248886 1.40864e-007
selparm[3]      2.52377 1.93458e-006
selparm[4]     0.895053 1.07998e-005
selparm[5]     0.393889 2.17443e-005
selparm[6]     0.216134 1.63797e-005
selparm[7]     0.476882 1.59787e-005
selparm[25]     0.613422 -1.31438e-006
selparm[26]    -0.226139 -1.23009e-006
selparm[27]     0.257826 -2.13239e-006
selparm[28]     0.402376 -2.72678e-006
selparm[43]    -0.164022 -1.63687e-005
selparm[44]      2.24628 9.79295e-009
parm_dev[1](1991)     0.597195 -7.00375e-008
parm_dev[1](1992)   -0.0232103 -1.24417e-006
parm_dev[1](1993)   -0.0165741 -1.10181e-006
parm_dev[1](1994)    0.0661005 -5.00448e-007
parm_dev[1](1995)    -0.297411  3.4362e-007
parm_dev[1](1996)     0.485592 -1.42686e-007
parm_dev[1](1997)    0.0552744 1.14418e-007
parm_dev[1](1998)     0.210375 1.18381e-007
parm_dev[1](1999)      1.11192 1.86676e-010
parm_dev[1](2000)     0.606241 -1.59851e-007
parm_dev[1](2001)    0.0303989 2.81806e-007
parm_dev[1](2002)    0.0182962 3.26352e-007
parm_dev[1](2003)  -0.00341504 2.73848e-007
parm_dev[1](2004)     0.266845 3.44191e-007
parm_dev[1](2005)  -0.00472555  1.6341e-007
parm_dev[1](2006)      1.02168 3.02688e-007
parm_dev[1](2007)     0.618732 -2.03513e-007
parm_dev[1](2008)   -0.0238553 -2.58052e-007
parm_dev[1](2009)     0.454942 -5.89621e-007
parm_dev[1](2010)      1.05219 -2.74502e-007
parm_dev[1](2011)    0.0855368 1.58516e-006
parm_dev[1](2012)    0.0747155 -3.56155e-007
parm_dev[1](2013)     0.135132 4.85993e-008
parm_dev[1](2014)     0.348895 -6.33352e-008
parm_dev[1](2015)    -0.485991 5.93253e-007
parm_dev[1](2016)   -0.0972993 2.89081e-007
parm_dev[1](2017)    -0.464967 9.78697e-007
parm_dev[1](2018)    -0.940767 1.43265e-006
parm_dev[1](2019)     0.637798 4.95618e-007
parm_dev[2](1991)     0.328232 7.65635e-008
parm_dev[2](1992)     0.805718 7.46669e-007
parm_dev[2](1993)     0.801235 1.82556e-007
parm_dev[2](1994)     0.103846 -1.15597e-007
parm_dev[2](1995)     0.217418 -1.1942e-007
parm_dev[2](1996)    -0.395667 3.51394e-008
parm_dev[2](1997)      1.28261 -5.29504e-008
parm_dev[2](1998)     0.940351 2.46222e-007
parm_dev[2](1999)    -0.167359 5.45629e-007
parm_dev[2](2000)     0.791656   2.158e-007
parm_dev[2](2001)     0.955717 1.46825e-006
parm_dev[2](2002)     0.690142 -1.46316e-007
parm_dev[2](2003)     0.656578 3.13522e-007
parm_dev[2](2004)     0.372694 -3.95969e-007
parm_dev[2](2005)     0.599238 -6.67638e-007
parm_dev[2](2006)    -0.626513 -1.14837e-007
parm_dev[2](2007)      0.36545 -5.54715e-007
parm_dev[2](2008)     0.378672 7.15228e-007
parm_dev[2](2009)     0.698953 -4.87869e-007
parm_dev[2](2010)     0.113367 2.78303e-008
parm_dev[2](2011)      1.01306 2.41213e-006
parm_dev[2](2012)     0.170969 2.57923e-006
parm_dev[2](2013)     0.809774 9.74594e-008
parm_dev[2](2014)     0.275701 7.68783e-007
parm_dev[2](2015)     0.282862 4.64016e-007
parm_dev[2](2016)    -0.783108 4.47726e-007
parm_dev[2](2017)     -0.44692 1.62806e-006
parm_dev[2](2018)    -0.862526 3.80389e-006
parm_dev[2](2019)    -0.441635  6.1041e-006
parm_dev[3](1991)    -0.834903 -2.44218e-007
parm_dev[3](1992)    -0.158671 4.38191e-007
parm_dev[3](1993)    0.0616412  2.4336e-007
parm_dev[3](1994)     0.845253 -1.20324e-007
parm_dev[3](1995)     0.244748 7.07084e-007
parm_dev[3](1996)     -0.26679 -4.13399e-007
parm_dev[3](1997)     -0.13908 -6.68002e-007
parm_dev[3](1998)    -0.615253 -2.49666e-007
parm_dev[3](1999)     0.111616 3.27996e-007
parm_dev[3](2000)    -0.202137 2.05636e-007
parm_dev[3](2001)     0.324358 9.01568e-007
parm_dev[3](2002)     0.555767 1.24441e-006
parm_dev[3](2003)      0.60484  2.2041e-007
parm_dev[3](2004)      0.67299 -3.81051e-007
parm_dev[3](2005)     0.648572 -7.67594e-007
parm_dev[3](2006)    0.0509303 -2.05132e-006
parm_dev[3](2007)    -0.256004 -6.43337e-007
parm_dev[3](2008)    -0.529314  5.9621e-007
parm_dev[3](2009)     -0.12579 -1.69923e-006
parm_dev[3](2010)     0.483135 -1.20908e-008
parm_dev[3](2011)    -0.710168 7.20569e-006
parm_dev[3](2012)     0.225144 1.41413e-006
parm_dev[3](2013)    -0.249483 -1.75401e-006
parm_dev[3](2014)    -0.384118 5.97332e-007
parm_dev[3](2015)   -0.0628497 -1.89625e-007
parm_dev[3](2016)  -0.00870106 7.19721e-007
parm_dev[3](2017)     0.032908 1.47748e-005
parm_dev[3](2018)     -0.15228 3.76528e-006
parm_dev[3](2019)    -0.417288 1.41149e-005
parm_dev[4](1991)   -0.0364377 -9.62668e-007
parm_dev[4](1992)     -0.50542 6.18944e-007
parm_dev[4](1993)   -0.0445157 -5.44353e-007
parm_dev[4](1994)    -0.124109 2.91417e-007
parm_dev[4](1995)     0.705692 3.48606e-007
parm_dev[4](1996)   -0.0857351 -2.12201e-007
parm_dev[4](1997)    -0.378932 -4.99725e-007
parm_dev[4](1998)     0.357456 -9.89022e-007
parm_dev[4](1999)    -0.395248  4.4465e-007
parm_dev[4](2000)     0.191667 5.49506e-007
parm_dev[4](2001)    -0.189994 5.63716e-007
parm_dev[4](2002)     0.175187 5.61543e-007
parm_dev[4](2003)     0.282478 -1.42123e-007
parm_dev[4](2004)    -0.654377 1.89487e-007
parm_dev[4](2005)     0.401686 -1.48705e-006
parm_dev[4](2006)     0.144047 -1.25694e-006
parm_dev[4](2007)    -0.176856 -1.65406e-007
parm_dev[4](2008)     0.412772 4.24653e-007
parm_dev[4](2009)    -0.328293 -3.34299e-006
parm_dev[4](2010)    -0.448098 -4.40483e-006
parm_dev[4](2011)    -0.210241 7.06633e-006
parm_dev[4](2012)    -0.472094 -1.9114e-006
parm_dev[4](2013)  -0.00200024 -6.96892e-007
parm_dev[4](2014)   -0.0212861 -1.02806e-006
parm_dev[4](2015)   -0.0655811 -3.05405e-007
parm_dev[4](2016)    -0.116837 1.84067e-006
parm_dev[4](2017)    -0.168577 1.52822e-005
parm_dev[4](2018)    -0.107879 2.30652e-006
parm_dev[4](2019)     0.174772 1.41028e-005
parm_dev[5](1991)    -0.159553 -5.58425e-008
parm_dev[5](1992)    0.0842275 5.04458e-008
parm_dev[5](1993)    -0.440789 -4.71414e-007
parm_dev[5](1994)     0.107008 3.55924e-007
parm_dev[5](1995)    -0.124824 5.89797e-007
parm_dev[5](1996)     0.354594 -1.75734e-007
parm_dev[5](1997)     0.163508 -2.92527e-009
parm_dev[5](1998)    -0.483794 -7.59253e-007
parm_dev[5](1999)    -0.237954 2.31346e-007
parm_dev[5](2000)   -0.0761895 -2.00244e-008
parm_dev[5](2001)    -0.231791 2.65939e-007
parm_dev[5](2002)    -0.456068 -1.24994e-007
parm_dev[5](2003)    -0.265042 1.11942e-006
parm_dev[5](2004)    -0.123429 -4.36244e-007
parm_dev[5](2005)    -0.559746 -1.78822e-006
parm_dev[5](2006)    -0.343717 -1.97724e-006
parm_dev[5](2007)  -0.00878957 -1.06269e-006
parm_dev[5](2008)    -0.175472 4.55555e-007
parm_dev[5](2009)     0.193364 -3.57148e-006
parm_dev[5](2010)    -0.563515 -4.55963e-006
parm_dev[5](2011)     -0.43597 6.97514e-006
parm_dev[5](2012)    -0.336705 -1.87089e-006
parm_dev[5](2013)    0.0889208 1.72311e-006
parm_dev[5](2014)  -0.00730877 -1.66717e-006
parm_dev[5](2015)    -0.492133 -3.55049e-007
parm_dev[5](2016)    -0.323501 2.43548e-006
parm_dev[5](2017)   -0.0984366 1.52807e-005
parm_dev[5](2018)      0.20354 2.58089e-006
parm_dev[5](2019)    0.0582895 1.27141e-005
