ParName   Value   Gradient
MGparm[1]     0.213568  0.000195245
SR_parm[1]       14.543 -0.000277725
SR_parm[2]     0.864681 -3.22034e-05
recdev_early(1946)    -0.645969  9.34546e-07
recdev_early(1947)    -0.232541 -1.66076e-06
recdev_early(1948)    -0.275734  2.86855e-07
recdev_early(1949)    -0.324979  1.13314e-06
recdev_early(1950)    -0.380589  1.23461e-06
recdev_early(1951)    -0.442787  -4.9726e-09
recdev_early(1952)    -0.510499 -1.31583e-06
recdev_early(1953)    -0.586833 -3.61662e-06
recdev_early(1954)    -0.667274 -2.97731e-06
recdev_early(1955)    -0.748786  -5.3485e-07
recdev_early(1956)     -0.83416  3.83749e-06
recdev_early(1957)     -0.91701 -1.34995e-06
recdev_early(1958)     -0.99456  -2.6139e-06
recdev_early(1959)     -1.05944 -8.33284e-06
recdev_early(1960)     -1.09347  4.30883e-06
recdev_early(1961)     -1.06745  -5.4314e-06
recdev_early(1962)    -0.955874  4.82535e-10
recdev_early(1963)    -0.789457 -3.59798e-06
recdev_early(1964)    -0.539102 -1.59164e-06
recdev_early(1965)    -0.185234 -5.93296e-06
recdev_early(1966)    -0.087635 -7.08596e-06
recdev_early(1967)     0.808492 -1.22692e-05
recdev_early(1968)     0.577947 -3.26982e-06
recdev_early(1969)    -0.406148  1.68621e-06
recdev1(1970)      1.84114 -7.67524e-06
recdev1(1971)    -0.179491  1.88213e-05
recdev1(1972)    -0.730993  2.25887e-05
recdev1(1973)      1.56013  2.92365e-05
recdev1(1974)     -1.05994  1.80131e-05
recdev1(1975)     0.385485  2.45263e-05
recdev1(1976)     -1.63084  1.95169e-05
recdev1(1977)      1.71001  2.73755e-05
recdev1(1978)     -2.07176  1.62918e-05
recdev1(1979)     0.148354  1.81583e-05
recdev1(1980)      2.75749  8.39644e-06
recdev1(1981)     -1.45998  1.86327e-05
recdev1(1982)     -1.39464  2.11976e-05
recdev1(1983)     -0.79684  1.61121e-05
recdev1(1984)      2.52622   2.4021e-05
recdev1(1985)     -2.12732  1.45741e-05
recdev1(1986)     -1.77109  1.47922e-05
recdev1(1987)       1.7711  2.24596e-05
recdev1(1988)      0.70095  2.44656e-05
recdev1(1989)      -1.9984  1.96006e-05
recdev1(1990)      1.37769  2.17972e-05
recdev1(1991)      0.21785  1.07129e-05
recdev1(1992)     -1.93938  1.82857e-05
recdev1(1993)      1.12882  -8.1819e-06
recdev1(1994)      1.18466 -2.60733e-05
recdev1(1995)     0.256226 -3.90304e-06
recdev1(1996)     0.607865 -8.92643e-06
recdev1(1997)    0.0205002  1.83649e-05
recdev1(1998)      0.66003 -2.70344e-05
recdev1(1999)      2.56534 -0.000306951
recdev1(2000)    -0.966816  8.20201e-06
recdev1(2001)     0.164534 -1.01842e-05
recdev1(2002)     -3.43431  1.69274e-05
recdev1(2003)     0.461258 -1.73438e-05
recdev1(2004)     -2.43001   1.2625e-05
recdev1(2005)     0.924926 -4.45496e-05
recdev1(2006)     0.664207 -5.23397e-05
recdev1(2007)     -3.66625  1.95885e-05
recdev1(2008)      1.62562 -0.000109736
recdev1(2009)     0.274278  2.31667e-06
recdev1(2010)      2.57552 -0.000158006
recdev1(2011)    -0.881226  1.38565e-05
recdev1(2012)    -0.030733  1.46303e-05
recdev1(2013)     -0.94818  3.27799e-05
recdev1(2014)      1.99237  0.000185804
recdev1(2015)     -2.28165  1.94898e-05
recdev1(2016)       1.1623  1.86254e-05
recdev1(2017)     0.534995  2.69126e-05
Fcast_recruitments(2018)            0            0
Fcast_recruitments(2019)            0            0
Fcast_recruitments(2020)            0            0
Fcast_recruitments(2021)            0            0
Q_parm[2]     0.260136  -3.0355e-06
selparm[3]       2.4716  -1.3697e-05
selparm[4]     0.908428 -8.57141e-05
selparm[5]     0.399418 -0.000198214
selparm[6]     0.215115 -0.000315828
selparm[7]     0.474583 -0.000326739
selparm[25]      0.58455 -1.23763e-05
selparm[26]    -0.229081 -2.26886e-05
selparm[27]     0.283525 -1.71078e-05
selparm[28]     0.385017 -1.54012e-05
selparm[43]    -0.156727  7.03356e-05
selparm[44]      2.43972  1.51426e-05
parm_dev[1](1991)     0.605323  5.37667e-06
parm_dev[1](1992)   -0.0186174 -2.28237e-07
parm_dev[1](1993)   -0.0167184 -4.95232e-06
parm_dev[1](1994)    0.0732581 -3.95935e-06
parm_dev[1](1995)    -0.291592 -2.29006e-06
parm_dev[1](1996)     0.501567  2.26457e-06
parm_dev[1](1997)    0.0616947 -3.34622e-06
parm_dev[1](1998)      0.22177 -1.59288e-06
parm_dev[1](1999)      1.13593  2.30689e-06
parm_dev[1](2000)     0.633692 -4.17143e-07
parm_dev[1](2001)    0.0343286  2.52555e-07
parm_dev[1](2002)    0.0254195 -1.20658e-06
parm_dev[1](2003)  -0.00351433    5.441e-06
parm_dev[1](2004)     0.276716 -3.20286e-06
parm_dev[1](2005)   -0.0048244  4.02728e-06
parm_dev[1](2006)      1.03395 -8.74365e-06
parm_dev[1](2007)     0.643135 -8.20698e-07
parm_dev[1](2008)   -0.0251971   4.3342e-06
parm_dev[1](2009)      0.47034  5.05303e-07
parm_dev[1](2010)      1.06988  3.37068e-06
parm_dev[1](2011)    0.0648402 -8.59051e-07
parm_dev[1](2012)    0.0895596   9.5668e-07
parm_dev[1](2013)      0.11666  1.14038e-06
parm_dev[1](2014)     0.466928 -1.48241e-06
parm_dev[1](2015)    -0.527745 -1.17378e-05
parm_dev[1](2016)   -0.0783338  2.70434e-06
parm_dev[1](2017)    -0.628665 -2.97872e-06
parm_dev[1](2018)    -0.576346 -1.65644e-05
parm_dev[2](1991)      0.34693 -1.77018e-06
parm_dev[2](1992)     0.795711 -4.65867e-07
parm_dev[2](1993)     0.803026  2.00844e-06
parm_dev[2](1994)     0.108489   2.7923e-06
parm_dev[2](1995)     0.214267  7.02291e-06
parm_dev[2](1996)    -0.399975 -8.47284e-06
parm_dev[2](1997)      1.28054  1.22859e-06
parm_dev[2](1998)     0.935575    -7.03e-07
parm_dev[2](1999)    -0.168916  -8.2741e-06
parm_dev[2](2000)     0.785253  9.48765e-06
parm_dev[2](2001)     0.946888  7.22823e-06
parm_dev[2](2002)     0.689396 -9.59897e-07
parm_dev[2](2003)     0.654112  -3.7639e-08
parm_dev[2](2004)     0.379217  3.77116e-06
parm_dev[2](2005)       0.5927 -4.80964e-06
parm_dev[2](2006)    -0.618176 -8.46959e-06
parm_dev[2](2007)     0.363613    2.129e-06
parm_dev[2](2008)       0.3758 -9.11487e-06
parm_dev[2](2009)     0.701208 -5.18943e-06
parm_dev[2](2010)     0.112268 -6.48213e-07
parm_dev[2](2011)      1.05179 -1.24571e-05
parm_dev[2](2012)     0.144769 -3.21509e-06
parm_dev[2](2013)     0.808302  6.25337e-07
parm_dev[2](2014)     0.179173 -5.92167e-06
parm_dev[2](2015)     0.476555  -9.9536e-06
parm_dev[2](2016)    -0.924775  -0.00010029
parm_dev[2](2017)    -0.295628 -4.09027e-06
parm_dev[2](2018)    -0.940426 -1.11511e-05
parm_dev[3](1991)     -0.84166  3.92656e-06
parm_dev[3](1992)    -0.156569 -8.29528e-06
parm_dev[3](1993)    0.0583176   3.0857e-06
parm_dev[3](1994)     0.849957  1.45412e-06
parm_dev[3](1995)     0.240499  2.65227e-06
parm_dev[3](1996)    -0.267276 -5.14705e-06
parm_dev[3](1997)    -0.139307 -1.15148e-05
parm_dev[3](1998)    -0.620464 -7.34687e-06
parm_dev[3](1999)     0.106246 -5.77762e-06
parm_dev[3](2000)    -0.199346  -3.0138e-06
parm_dev[3](2001)     0.318446 -4.77736e-06
parm_dev[3](2002)     0.551922 -5.45933e-06
parm_dev[3](2003)     0.600982  4.97419e-07
parm_dev[3](2004)     0.673627 -3.02756e-06
parm_dev[3](2005)     0.641977 -6.29662e-06
parm_dev[3](2006)    0.0502069 -5.94312e-06
parm_dev[3](2007)     -0.26958 -2.54228e-06
parm_dev[3](2008)    -0.533328 -2.38916e-05
parm_dev[3](2009)    -0.119879 -3.28152e-05
parm_dev[3](2010)      0.46914  3.74345e-06
parm_dev[3](2011)    -0.710539 -4.18006e-05
parm_dev[3](2012)     0.223408  1.20147e-06
parm_dev[3](2013)    -0.267096 -6.97568e-06
parm_dev[3](2014)    -0.373522 -4.02122e-06
parm_dev[3](2015)    -0.146151 -1.29434e-05
parm_dev[3](2016)     0.262573 -0.000102119
parm_dev[3](2017)     -0.14207 -8.80084e-05
parm_dev[3](2018)   -0.0495677 -9.54522e-06
parm_dev[4](1991)   -0.0370475 -3.56138e-08
parm_dev[4](1992)    -0.507551 -9.83749e-06
parm_dev[4](1993)   -0.0433635 -6.25909e-07
parm_dev[4](1994)    -0.123592 -1.26334e-05
parm_dev[4](1995)     0.709638  4.78908e-06
parm_dev[4](1996)   -0.0878306 -5.65898e-06
parm_dev[4](1997)    -0.374931 -9.83281e-06
parm_dev[4](1998)     0.360573  3.89377e-07
parm_dev[4](1999)    -0.395042 -1.09182e-05
parm_dev[4](2000)     0.189041 -1.99899e-05
parm_dev[4](2001)    -0.181945 -7.90172e-06
parm_dev[4](2002)     0.174602 -4.21901e-06
parm_dev[4](2003)     0.283269 -5.48516e-06
parm_dev[4](2004)    -0.654456 -1.03066e-05
parm_dev[4](2005)     0.404371 -6.49596e-06
parm_dev[4](2006)     0.138893 -1.45478e-05
parm_dev[4](2007)    -0.174445 -8.66725e-06
parm_dev[4](2008)      0.40713 -2.73482e-05
parm_dev[4](2009)    -0.324612 -4.85941e-05
parm_dev[4](2010)    -0.455777  5.24015e-06
parm_dev[4](2011)    -0.206758 -4.08539e-05
parm_dev[4](2012)    -0.472646  1.96277e-05
parm_dev[4](2013)   0.00818058 -6.91963e-06
parm_dev[4](2014)   -0.0317636 -4.72323e-05
parm_dev[4](2015)   -0.0567294 -1.87222e-05
parm_dev[4](2016)    -0.201863 -0.000106238
parm_dev[4](2017)     0.182714 -9.53032e-05
parm_dev[4](2018)    -0.154679 -0.000129083
parm_dev[5](1991)    -0.155161 -1.38695e-06
parm_dev[5](1992)    0.0866684 -1.50081e-06
parm_dev[5](1993)    -0.440769 -1.85538e-07
parm_dev[5](1994)     0.107442 -8.26764e-06
parm_dev[5](1995)    -0.125261  1.13865e-06
parm_dev[5](1996)     0.355524 -4.56839e-06
parm_dev[5](1997)     0.160025 -7.08805e-06
parm_dev[5](1998)    -0.483637  -3.7789e-06
parm_dev[5](1999)    -0.235089 -1.18278e-05
parm_dev[5](2000)   -0.0731757 -3.99734e-06
parm_dev[5](2001)    -0.232488 -9.48042e-07
parm_dev[5](2002)    -0.449375 -8.55828e-06
parm_dev[5](2003)    -0.260888 -5.47684e-06
parm_dev[5](2004)    -0.120705 -1.05454e-05
parm_dev[5](2005)    -0.556889  -8.5616e-06
parm_dev[5](2006)    -0.339249 -3.15125e-05
parm_dev[5](2007)  -0.00610995 -8.39622e-06
parm_dev[5](2008)    -0.182619  -3.2427e-05
parm_dev[5](2009)     0.191516 -5.04371e-05
parm_dev[5](2010)     -0.57546  2.01795e-05
parm_dev[5](2011)    -0.481596 -3.80125e-05
parm_dev[5](2012)    -0.345461  2.00358e-05
parm_dev[5](2013)    0.0775781 -1.97675e-05
parm_dev[5](2014)   0.00204641 -5.52952e-05
parm_dev[5](2015)    -0.493304 -1.02168e-05
parm_dev[5](2016)    -0.318348 -0.000113167
parm_dev[5](2017)    -0.192358  -8.7089e-05
parm_dev[5](2018)     0.397165 -0.000129511
